# "LGMD WTA"=CB1484055328CB1483972485L-3491-1483630309-919331471
# "Hue"=L-3415-1482226533-719885386
# "LGMD WTA"=CB1484055328CB1483972485L-3491-1483630309-919331471
# "Hue"=L-3415-1482226533-719885386
# "LGMD WTA"=CB1484055328CB1483972485L-3491-1483630309-919331471
# "Hue"=L-3415-1482226533-719885386
# "LGMD WTA"=CB1484055328CB1483972485L-3491-1483630309-919331471
# "Hue"=L-3415-1482226533-719885386
cycle;CB1484055328CB1483972485L-3491-1483630309-919331471_act_RangeAverage;L-3415-1482226533-719885386_act_RangeAverage;CB1484055328CB1483972485L-3491-1483630309-919331471_excIn_RangeAverage;L-3415-1482226533-719885386_excIn_RangeAverage;CB1484055328CB1483972485L-3491-1483630309-919331471_inhIn_RangeAverage;L-3415-1482226533-719885386_inhIn_RangeAverage;CB1484055328CB1483972485L-3491-1483630309-919331471_vm_RangeAverage;L-3415-1482226533-719885386_vm_RangeAverage;
0;0;0;0;0;0;0;0;0;
1;0;0.936814;0;0.946833;0;0;0;0.946833;
2;0;0.935971;0;0.944853;0;0;0;0.944853;
3;0;0.934088;0;0.940647;0;0;0;0.940647;
4;0;0.93048;0;0.933765;0;0;0;0.933765;
5;0;0.919118;0;0.928912;0;0;0;0.928912;
6;0;0.9165;0;0.921647;0;0;0;0.921647;
7;0;0.913471;0;0.916422;0;0;0;0.916422;
8;0;0.907725;0;0.908853;0;0;0;0.908853;
9;0;0.884402;0.03375;0.898098;0.105;0;-0.07125;0.898098;
10;0;0.876686;0.045;0.886304;0.12;0;-0.075;0.886304;
11;0;0.866167;0;0.874088;0;0;0;0.874088;
12;0;0.859029;0;0.861333;0;0;0;0.861333;
13;0;0.837471;0;0.844608;0;0;0;0.844608;
14;0;0.810529;0.045;0.822873;0.11;0;-0.065;0.822873;
15;0;0.791804;0.07875;0.800029;0.14;0;-0.06125;0.800029;
16;0;0.765618;0.09;0.771304;0.1925;0;-0.1025;0.771304;
17;0;0.714931;0;0.736176;0;0;0;0.736176;
18;0;0.683235;0.09;0.688431;0.21;0;-0.12;0.688431;
19;0;0.617235;0.09;0.631294;0.09;0;0;0.631294;
20;0;0.551167;0.12375;0.563951;0.1775;0;-0.05375;0.563951;
21;0;0.46301;0.135;0.472441;0.21;0;-0.075;0.472441;
22;0.04;0.340235;0.18;0.350029;0.22;0;-0.04;0.350029;
23;0;0.172608;0.135;0.195343;0.26;0;-0.125;0.195343;
24;0.03;0.0726667;0.14625;0.0840098;0.205;0;-0.05875;0.0840098;
25;0;0.00984314;0.18;0.0177647;0.3275;0;-0.1475;0.0177647;
26;0;0;0.27;0;0.33;0;-0.06;0;
27;0;0;0.2925;0;0.39;0;-0.0975;0;
28;0;0;0.27;0;0.435;0;-0.165;0;
29;0;0.94952;0.095625;0.950765;0.265;0;-0.169375;0.950765;
30;0;0.936814;0.045;0.946833;0.18;0;-0.135;0.946833;
31;0;0.935971;0;0.944853;0;0;0;0.944853;
32;0;0.934088;0;0.940647;0;0;0;0.940647;
33;0;0.93048;0;0.933765;0;0;0;0.933765;
34;0;0.919118;0;0.928912;0;0;0;0.928912;
35;0;0.9165;0.045;0.921647;0.12;0;-0.075;0.921647;
