# "LGMD WTA"=CB1484055328CB1483972485L-3491-1483630309-919331471
# "Hue"=L-3415-1482226533-719885386
# "LGMD WTA"=CB1484055328CB1483972485L-3491-1483630309-919331471
# "Hue"=L-3415-1482226533-719885386
# "LGMD WTA"=CB1484055328CB1483972485L-3491-1483630309-919331471
# "Hue"=L-3415-1482226533-719885386
# "LGMD WTA"=CB1484055328CB1483972485L-3491-1483630309-919331471
# "Hue"=L-3415-1482226533-719885386
cycle;CB1484055328CB1483972485L-3491-1483630309-919331471_act_RangeAverage;L-3415-1482226533-719885386_act_RangeAverage;CB1484055328CB1483972485L-3491-1483630309-919331471_excIn_RangeAverage;L-3415-1482226533-719885386_excIn_RangeAverage;CB1484055328CB1483972485L-3491-1483630309-919331471_inhIn_RangeAverage;L-3415-1482226533-719885386_inhIn_RangeAverage;CB1484055328CB1483972485L-3491-1483630309-919331471_vm_RangeAverage;L-3415-1482226533-719885386_vm_RangeAverage;
0;0;0;0;0;0;0;0;0;
1;0;0.952578;0;0.968755;0;0;0;0.968755;
2;0;0.951569;0;0.967598;0;0;0;0.967598;
3;0;0.95051;0;0.966461;0;0;0;0.966461;
4;0;0.949216;0;0.965;0;0;0;0.965;
5;0;0.948147;0;0.963882;0;0;0;0.963882;
6;0;0.946696;0;0.962382;0;0;0;0.962382;
7;0;0.945333;0;0.96102;0;0;0;0.96102;
8;0;0.939255;0;0.959696;0;0;0;0.959696;
9;0;0.933343;0;0.958265;0;0;0;0.958265;
10;0;0.932559;0;0.956853;0;0;0;0.956853;
11;0;0.930078;0;0.953725;0;0;0;0.953725;
12;0;0.928471;0;0.952039;0;0;0;0.952039;
13;0;0.915863;0.0225;0.949;0.06;0;-0.0375;0.949;
14;0;0.914716;0.0225;0.947431;0.06;0;-0.0375;0.947431;
15;0;0.912333;0;0.944333;0;0;0;0.944333;
16;0;0.911069;0;0.942794;0;0;0;0.942794;
17;0;0.90798;0;0.939422;0;0;0;0.939422;
18;0;0.9045;0.045;0.935922;0.12;0;-0.075;0.935922;
19;0;0.90101;0;0.932402;0;0;0;0.932402;
20;0;0.888647;0;0.928696;0;0;0;0.928696;
21;0;0.880255;0;0.925147;0;0;0;0.925147;
22;0;0.877588;0;0.921216;0;0;0;0.921216;
23;0;0.864539;0;0.917363;0;0;0;0.917363;
24;0;0.859873;0;0.911382;0;0;0;0.911382;
25;0;0.856235;0.045;0.907314;0.1225;0;-0.0775;0.907314;
26;0;0.849833;0.03375;0.900873;0.065;0;-0.03125;0.900873;
27;0;0.834275;0;0.894324;0;0;0;0.894324;
28;0;0.823422;0.09;0.88751;0.14;0;-0.05;0.88751;
29;0;0.813167;0;0.880353;0;0;0;0.880353;
30;0;0.79548;0;0.870765;0;0;0;0.870765;
31;0;0.781765;0;0.860716;0;0;0;0.860716;
32;0;0.763049;0.09;0.850137;0.21;0;-0.12;0.850137;
33;0;0.752892;0.045;0.839343;0.0675;0;-0.0225;0.839343;
34;0;0.714392;0.050625;0.825353;0.0675;0;-0.016875;0.825353;
35;0;0.700343;0.09;0.810392;0.09;0;0;0.810392;
36;0;0.676333;0.09;0.794451;0.15;0;-0.06;0.794451;
37;0;0.639108;0.135;0.775608;0.21;0;-0.075;0.775608;
38;0;0.609569;0;0.755186;0;0;0;0.755186;
39;0.04;0.568529;0.18;0.730853;0.22;0;-0.04;0.730853;
40;0;0.531157;0.07875;0.705392;0.165;0;-0.08625;0.705392;
41;0;0.464118;0.135;0.670804;0.26;0;-0.125;0.670804;
42;0;0.425343;0.18;0.638108;0.3;0;-0.12;0.638108;
43;0.045;0.344186;0.135;0.595392;0.12;0;0.015;0.595392;
44;0;0.274049;0.225;0.545951;0.39;0;-0.165;0.545951;
45;0.005;0.1875;0.18;0.499255;0.325;0;-0.145;0.499255;
46;0;0.123108;0.27;0.462167;0.33;0;-0.06;0.462167;
47;0;0.0793627;0.135;0.434922;0.38;0;-0.245;0.434922;
48;0;0.0393333;0.2925;0.412735;0.36;0;-0.0675;0.412735;
49;0;0.00861765;0.25875;0.397784;0.435;0;-0.17625;0.397784;
50;0;0;0.19125;0.392186;0.39;0;-0.19875;0.392186;
51;0;0;0.135;0.392157;0.33;0;-0.195;0.392157;
52;0;0;0.2325;0.392157;0.415;0;-0.1825;0.392157;
53;0;0;0.165;0.392157;0.39;0;-0.225;0.392157;
54;0;0;0.045;0.392157;0.18;0;-0.135;0.392157;
55;0;0;0;0.392157;0;0;0;0.392157;
56;0;0.953559;0;0.969971;0;0;0;0.969971;
57;0;0.952578;0;0.968755;0;0;0;0.968755;
58;0;0.951569;0;0.967598;0;0;0;0.967598;
59;0;0.95051;0;0.966461;0;0;0;0.966461;
