# "LGMD WTA"=CB1484055328CB1483972485L-3491-1483630309-919331471
# "Hue"=L-3415-1482226533-719885386
# "LGMD WTA"=CB1484055328CB1483972485L-3491-1483630309-919331471
# "Hue"=L-3415-1482226533-719885386
# "LGMD WTA"=CB1484055328CB1483972485L-3491-1483630309-919331471
# "Hue"=L-3415-1482226533-719885386
# "LGMD WTA"=CB1484055328CB1483972485L-3491-1483630309-919331471
# "Hue"=L-3415-1482226533-719885386
cycle;CB1484055328CB1483972485L-3491-1483630309-919331471_act_RangeAverage;L-3415-1482226533-719885386_act_RangeAverage;CB1484055328CB1483972485L-3491-1483630309-919331471_excIn_RangeAverage;L-3415-1482226533-719885386_excIn_RangeAverage;CB1484055328CB1483972485L-3491-1483630309-919331471_inhIn_RangeAverage;L-3415-1482226533-719885386_inhIn_RangeAverage;CB1484055328CB1483972485L-3491-1483630309-919331471_vm_RangeAverage;L-3415-1482226533-719885386_vm_RangeAverage;
0;0;0;0;0;0;0;0;0;
1;0;0.987461;0;0.987775;0;0;0;0.987775;
2;0;0.987461;0;0.987775;0;0;0;0.987775;
3;0;0.986549;0;0.986745;0;0;0;0.986745;
4;0;0.986549;0;0.986745;0;0;0;0.986745;
5;0;0.985637;0;0.985725;0;0;0;0.985725;
6;0;0.985637;0;0.985725;0;0;0;0.985725;
7;0;0.985637;0;0.985725;0;0;0;0.985725;
8;0;0.984627;0;0.984676;0;0;0;0.984676;
9;0;0.984627;0;0.984676;0;0;0;0.984676;
10;0;0.983549;0;0.983598;0;0;0;0.983598;
11;0;0.983549;0;0.983598;0;0;0;0.983598;
12;0;0.982333;0;0.982382;0;0;0;0.982382;
13;0;0.981216;0;0.981255;0;0;0;0.981255;
14;0;0.981216;0;0.981255;0;0;0;0.981255;
15;0;0.977578;0;0.98002;0;0;0;0.98002;
16;0;0.977578;0;0.98002;0;0;0;0.98002;
17;0;0.969451;0;0.978716;0;0;0;0.978716;
18;0;0.969186;0;0.977373;0;0;0;0.977373;
19;0;0.969186;0;0.977373;0;0;0;0.977373;
20;0;0.968882;0.01125;0.97599;0.045;0;-0.03375;0.97599;
21;0;0.968608;0;0.974706;0;0;0;0.974706;
22;0;0.968608;0;0.974706;0;0;0;0.974706;
23;0;0.968206;0;0.973255;0;0;0;0.973255;
24;0;0.967853;0;0.971873;0;0;0;0.971873;
25;0;0.967353;0;0.970225;0;0;0;0.970225;
26;0;0.966784;0;0.968676;0;0;0;0.968676;
27;0;0.966;0;0.967059;0;0;0;0.967059;
28;0;0.964647;0;0.965265;0;0;0;0.965265;
29;0;0.962225;0;0.963686;0;0;0;0.963686;
30;0;0.95748;0;0.96201;0;0;0;0.96201;
31;0;0.956324;0;0.960137;0;0;0;0.960137;
32;0;0.955167;0;0.958402;0;0;0;0.958402;
33;0;0.952608;0;0.954755;0;0;0;0.954755;
34;0;0.951157;0.01125;0.952804;0.045;0;-0.03375;0.952804;
35;0;0.94952;0.01125;0.950765;0.045;0;-0.03375;0.950765;
36;0;0.936814;0;0.946833;0;0;0;0.946833;
37;0;0.935971;0;0.944853;0;0;0;0.944853;
38;0;0.934088;0;0.940647;0;0;0;0.940647;
39;0;0.931775;0;0.936118;0;0;0;0.936118;
40;0;0.923294;0.0225;0.931451;0.075;0;-0.0525;0.931451;
41;0;0.918569;0.045;0.926451;0.12;0;-0.075;0.926451;
42;0;0.9165;0;0.921647;0;0;0;0.921647;
43;0;0.913471;0;0.916422;0;0;0;0.916422;
44;0;0.909804;0;0.911441;0;0;0;0.911441;
45;0;0.903176;0.028125;0.903529;0.0825;0;-0.054375;0.903529;
46;0;0.884402;0.028125;0.898098;0.0725;0;-0.044375;0.898098;
47;0;0.880402;0;0.889098;0;0;0;0.889098;
48;0;0.867618;0;0.880206;0;0;0;0.880206;
49;0;0.863373;0;0.867794;0;0;0;0.867794;
50;0;0.856373;0;0.857892;0;0;0;0.857892;
51;0;0.837471;0.045;0.844608;0.11;0;-0.065;0.844608;
52;0;0.81951;0.09;0.830353;0.14;0;-0.05;0.830353;
53;0;0.801235;0.09;0.811667;0.14;0;-0.05;0.811667;
54;0;0.783412;0.016875;0.792;0.0575;0;-0.040625;0.792;
55;0;0.765618;0;0.771304;0;0;0;0.771304;
56;0;0.730461;0.09;0.745441;0.21;0;-0.12;0.745441;
57;0;0.709196;0.09;0.717853;0.09;0;0;0.717853;
58;0;0.683235;0.09;0.688431;0.09;0;0;0.688431;
59;0;0.633735;0.10125;0.652078;0.19;0;-0.08875;0.652078;
60;0;0.602363;0.084375;0.614922;0.195;0;-0.110625;0.614922;
61;0.025;0.559559;0.1125;0.569902;0.125;0;-0.0125;0.569902;
62;0.015;0.500598;0.16875;0.516451;0.2525;0;-0.08375;0.516451;
63;0;0.458912;0.135;0.465971;0.26;0;-0.125;0.465971;
64;0.035;0.382373;0.21375;0.405333;0.3;0;-0.08625;0.405333;
65;0.04;0.321804;0.140625;0.335324;0.165;0;-0.024375;0.335324;
66;0;0.242618;0.16875;0.269412;0.3425;0;-0.17375;0.269412;
67;0;0.987461;0.2025;0.987775;0.24;0;-0.0375;0.987775;
68;0;0.987461;0.27;0.987775;0.47;0;-0.2;0.987775;
