# "LGMD WTA"=CB1484055328CB1483972485L-3491-1483630309-919331471
# "Hue"=L-3415-1482226533-719885386
# "LGMD WTA"=CB1484055328CB1483972485L-3491-1483630309-919331471
# "Hue"=L-3415-1482226533-719885386
# "LGMD WTA"=CB1484055328CB1483972485L-3491-1483630309-919331471
# "Hue"=L-3415-1482226533-719885386
# "LGMD WTA"=CB1484055328CB1483972485L-3491-1483630309-919331471
# "Hue"=L-3415-1482226533-719885386
cycle;CB1484055328CB1483972485L-3491-1483630309-919331471_act_RangeAverage;L-3415-1482226533-719885386_act_RangeAverage;CB1484055328CB1483972485L-3491-1483630309-919331471_excIn_RangeAverage;L-3415-1482226533-719885386_excIn_RangeAverage;CB1484055328CB1483972485L-3491-1483630309-919331471_inhIn_RangeAverage;L-3415-1482226533-719885386_inhIn_RangeAverage;CB1484055328CB1483972485L-3491-1483630309-919331471_vm_RangeAverage;L-3415-1482226533-719885386_vm_RangeAverage;
0;0;0;0;0;0;0;0;0;
1;0;0.982402;0;0.982441;0;0;0;0.982441;
2;0;0.982402;0;0.982441;0;0;0;0.982441;
3;0;0.982402;0;0.982441;0;0;0;0.982441;
4;0;0.981059;0;0.981098;0;0;0;0.981098;
5;0;0.981059;0;0.981098;0;0;0;0.981098;
6;0;0.979676;0;0.979725;0;0;0;0.979725;
7;0;0.979676;0;0.979725;0;0;0;0.979725;
8;0;0.979676;0;0.979725;0;0;0;0.979725;
9;0;0.978255;0;0.978294;0;0;0;0.978294;
10;0;0.978255;0;0.978294;0;0;0;0.978294;
11;0;0.976775;0;0.976794;0;0;0;0.976794;
12;0;0.976775;0;0.976794;0;0;0;0.976794;
13;0;0.975275;0;0.975304;0;0;0;0.975304;
14;0;0.973618;0;0.973637;0;0;0;0.973637;
15;0;0.973618;0;0.973637;0;0;0;0.973637;
16;0;0.971961;0;0.972;0;0;0;0.972;
17;0;0.971961;0;0.972;0;0;0;0.972;
18;0;0.970304;0;0.970324;0;0;0;0.970324;
19;0;0.968549;0;0.968569;0;0;0;0.968569;
20;0;0.968549;0;0.968569;0;0;0;0.968569;
21;0;0.965186;0;0.966716;0;0;0;0.966716;
22;0;0.961873;0;0.964922;0;0;0;0.964922;
23;0;0.96;0;0.962971;0;0;0;0.962971;
24;0;0.96;0;0.96102;0;0;0;0.96102;
25;0;0.96;0;0.96102;0;0;0;0.96102;
26;0;0.959049;0;0.959049;0;0;0;0.959049;
27;0;0.957029;0;0.957029;0;0;0;0.957029;
28;0;0.954784;0.01125;0.954784;0.045;0;-0.03375;0.954784;
29;0;0.952431;0;0.952431;0;0;0;0.952431;
30;0;0.950118;0;0.950118;0;0;0;0.950118;
31;0;0.94552;0;0.94552;0;0;0;0.94552;
32;0;0.943098;0;0.943098;0;0;0;0.943098;
33;0;0.940814;0;0.940814;0;0;0;0.940814;
34;0;0.938373;0;0.938373;0;0;0;0.938373;
35;0;0.933245;0;0.933245;0;0;0;0.933245;
36;0;0.930725;0.0225;0.930725;0.06;0;-0.0375;0.930725;
37;0;0.925539;0.045;0.925539;0.12;0;-0.075;0.925539;
38;0;0.922784;0.045;0.922784;0.12;0;-0.075;0.922784;
39;0;0.911422;0.03375;0.916882;0.105;0;-0.07125;0.916882;
40;0;0.909686;0.045;0.911235;0.12;0;-0.075;0.911235;
41;0;0.905167;0.045;0.905245;0.12;0;-0.075;0.905245;
42;0;0.898824;0.045;0.898951;0.12;0;-0.075;0.898951;
43;0;0.892588;0.0225;0.892608;0.06;0;-0.0375;0.892608;
44;0;0.882324;0.045;0.882382;0.12;0;-0.075;0.882382;
45;0;0.8755;0;0.875588;0;0;0;0.875588;
46;0;0.864755;0;0.864833;0;0;0;0.864833;
47;0;0.848931;0;0.853529;0;0;0;0.853529;
48;0;0.839784;0.01125;0.841961;0.035;0;-0.02375;0.841961;
49;0;0.829657;0.045;0.829882;0.14;0;-0.095;0.829882;
50;0;0.812686;0.0675;0.812922;0.14;0;-0.0725;0.812922;
51;0;0.795196;0.09;0.7955;0.14;0;-0.05;0.7955;
52;0;0.776725;0.09;0.77699;0.14;0;-0.05;0.77699;
53;0;0.749814;0.05625;0.757716;0.0825;0;-0.02625;0.757716;
54;0;0.732118;0;0.73251;0;0;0;0.73251;
55;0;0.705716;0.0225;0.706206;0.08;0;-0.0575;0.706206;
56;0;0.67249;0.09;0.673049;0.1475;0;-0.0575;0.673049;
57;0;0.637167;0.135;0.637167;0.15;0;-0.015;0.637167;
58;0;0.593137;0.135;0.593137;0.15;0;-0.015;0.593137;
59;0;0.547657;0;0.547657;0;0;0;0.547657;
60;0;0.499363;0.045;0.49952;0.12;0;-0.075;0.49952;
61;0.045;0.441069;0.18;0.441225;0.16;0;0.02;0.441225;
62;0.045;0.361549;0.18;0.379794;0.16;0;0.02;0.379794;
63;0;0.306725;0.045;0.307118;0.12;0;-0.075;0.307118;
64;0.045;0.230206;0.225;0.230686;0.2;0;0.025;0.230686;
65;0.045;0.149147;0.225;0.149676;0.2;0;0.025;0.149676;
66;0;0.0546863;0.045;0.0555588;0.18;0;-0.135;0.0555588;
67;0;0.983725;0.27;0.983765;0.33;0;-0.06;0.983765;
68;0;0.982402;0.0225;0.982441;0.09;0;-0.0675;0.982441;
