# "LGMD WTA"=CB1484055328CB1483972485L-3491-1483630309-919331471
# "Hue"=L-3415-1482226533-719885386
# "LGMD WTA"=CB1484055328CB1483972485L-3491-1483630309-919331471
# "Hue"=L-3415-1482226533-719885386
# "LGMD WTA"=CB1484055328CB1483972485L-3491-1483630309-919331471
# "Hue"=L-3415-1482226533-719885386
# "LGMD WTA"=CB1484055328CB1483972485L-3491-1483630309-919331471
# "Hue"=L-3415-1482226533-719885386
cycle;CB1484055328CB1483972485L-3491-1483630309-919331471_act_RangeAverage;L-3415-1482226533-719885386_act_RangeAverage;CB1484055328CB1483972485L-3491-1483630309-919331471_excIn_RangeAverage;L-3415-1482226533-719885386_excIn_RangeAverage;CB1484055328CB1483972485L-3491-1483630309-919331471_inhIn_RangeAverage;L-3415-1482226533-719885386_inhIn_RangeAverage;CB1484055328CB1483972485L-3491-1483630309-919331471_vm_RangeAverage;L-3415-1482226533-719885386_vm_RangeAverage;
0;0;0;0;0;0;0;0;0;
1;0;0.365716;0;0.512441;0;0;0;0.512441;
2;0;0.365716;0;0.512441;0;0;0;0.512441;
3;0;0.364275;0;0.511735;0;0;0;0.511735;
4;0;0.364275;0;0.511735;0;0;0;0.511735;
5;0;0.364157;0;0.51099;0;0;0;0.51099;
6;0;0.364157;0;0.51099;0;0;0;0.51099;
7;0;0.36398;0;0.510275;0;0;0;0.510275;
8;0;0.36398;0.0225;0.510275;0.06;0;-0.0375;0.510275;
9;0;0.363804;0;0.509529;0;0;0;0.509529;
10;0;0.363804;0;0.509529;0;0;0;0.509529;
11;0;0.362392;0;0.508755;0;0;0;0.508755;
12;0;0.362284;0;0.507892;0;0;0;0.507892;
13;0;0.360971;0;0.50702;0;0;0;0.50702;
14;0;0.360971;0;0.50702;0;0;0;0.50702;
15;0;0.360971;0;0.506147;0;0;0;0.506147;
16;0;0.360971;0.016875;0.505206;0.0675;0;-0.050625;0.505206;
17;0;0.360971;0;0.504235;0;0;0;0.504235;
18;0;0.360971;0.01125;0.503216;0.045;0;-0.03375;0.503216;
19;0;0.360971;0;0.502127;0;0;0;0.502127;
20;0;0.360971;0;0.501108;0;0;0;0.501108;
21;0;0.360735;0;0.499833;0;0;0;0.499833;
22;0;0.358931;0;0.498814;0;0;0;0.498814;
23;0;0.358314;0;0.497627;0;0;0;0.497627;
24;0;0.357676;0;0.496373;0;0;0;0.496373;
25;0;0.355784;0;0.495157;0;0;0;0.495157;
26;0;0.350069;0;0.492784;0;0;0;0.492784;
27;0;0.348716;0.005625;0.491588;0.0225;0;-0.016875;0.491588;
28;0;0.347333;0;0.489167;0;0;0;0.489167;
29;0;0.347333;0;0.487961;0;0;0;0.487961;
30;0;0.347333;0.016875;0.485637;0.0525;0;-0.035625;0.485637;
31;0;0.347324;0.07875;0.483294;0.1925;0;-0.11375;0.483294;
32;0;0.347314;0.028125;0.481069;0.0825;0;-0.054375;0.481069;
33;0;0.347324;0.028125;0.478735;0.0825;0;-0.054375;0.478735;
34;0;0.346216;0;0.475225;0;0;0;0.475225;
35;0;0.343735;0;0.472912;0;0;0;0.472912;
36;0;0.335941;0;0.469029;0;0;0;0.469029;
37;0;0.331539;0;0.464833;0;0;0;0.464833;
38;0;0.331196;0;0.460412;0;0;0;0.460412;
39;0;0.329706;0;0.455431;0;0;0;0.455431;
40;0;0.329706;0.02625;0.44849;0.075;0;-0.04875;0.44849;
41;0;0.323127;0.04875;0.441118;0.1175;0;-0.06875;0.441118;
42;0;0.313049;0.045;0.433471;0.12;0;-0.075;0.433471;
43;0;0.301333;0;0.423137;0;0;0;0.423137;
44;0;0.301353;0.016875;0.408863;0.0525;0;-0.035625;0.408863;
45;0;0.290363;0;0.395667;0;0;0;0.395667;
46;0;0.254882;0.01125;0.375225;0.03;0;-0.01875;0.375225;
47;0;0.253451;0.06375;0.356157;0.155;0;-0.09125;0.356157;
48;0;0.235598;0.07875;0.329225;0.2;0;-0.12125;0.329225;
49;0;0.195892;0;0.300588;0;0;0;0.300588;
50;0;0.184873;0.013125;0.265706;0.0525;0;-0.039375;0.265706;
51;0;0.134039;0.133125;0.228863;0.2225;0;-0.089375;0.228863;
52;0;0.125588;0.01125;0.183304;0.045;0;-0.03375;0.183304;
53;0;0.0731176;0.05625;0.140382;0.16;0;-0.10375;0.140382;
54;0;0.0574412;0.15;0.0889804;0.255;0;-0.105;0.0889804;
55;0;0;0.05625;0.0296961;0.1775;0;-0.12125;0.0296961;
56;0;0.365902;0.19875;0.513078;0.345;0;-0.14625;0.513078;
57;0;0.365716;0.028125;0.512441;0.1125;0;-0.084375;0.512441;
58;0;0.365716;0.24;0.512441;0.41;0;-0.17;0.512441;
