# "LGMD WTA"=CB1484055328CB1483972485L-3491-1483630309-919331471
# "Hue"=L-3415-1482226533-719885386
# "LGMD WTA"=CB1484055328CB1483972485L-3491-1483630309-919331471
# "Hue"=L-3415-1482226533-719885386
# "LGMD WTA"=CB1484055328CB1483972485L-3491-1483630309-919331471
# "Hue"=L-3415-1482226533-719885386
# "LGMD WTA"=CB1484055328CB1483972485L-3491-1483630309-919331471
# "Hue"=L-3415-1482226533-719885386
cycle;CB1484055328CB1483972485L-3491-1483630309-919331471_act_RangeAverage;L-3415-1482226533-719885386_act_RangeAverage;CB1484055328CB1483972485L-3491-1483630309-919331471_excIn_RangeAverage;L-3415-1482226533-719885386_excIn_RangeAverage;CB1484055328CB1483972485L-3491-1483630309-919331471_inhIn_RangeAverage;L-3415-1482226533-719885386_inhIn_RangeAverage;CB1484055328CB1483972485L-3491-1483630309-919331471_vm_RangeAverage;L-3415-1482226533-719885386_vm_RangeAverage;
0;0;0;0;0;0;0;0;0;
1;0;0.365716;0;0.512441;0;0;0;0.512441;
2;0;0.364275;0;0.511735;0;0;0;0.511735;
3;0;0.364157;0;0.51099;0;0;0;0.51099;
4;0;0.36398;0;0.510275;0;0;0;0.510275;
5;0;0.363804;0;0.509529;0;0;0;0.509529;
6;0;0.362284;0;0.507892;0;0;0;0.507892;
7;0;0.360971;0.0225;0.50702;0.06;0;-0.0375;0.50702;
8;0;0.360971;0;0.506147;0;0;0;0.506147;
9;0;0.360971;0;0.504235;0;0;0;0.504235;
10;0;0.360971;0;0.502127;0;0;0;0.502127;
11;0;0.360735;0.01125;0.499833;0.045;0;-0.03375;0.499833;
12;0;0.358314;0.01125;0.497627;0.045;0;-0.03375;0.497627;
13;0;0.354108;0;0.494029;0;0;0;0.494029;
14;0;0.348657;0;0.490402;0;0;0;0.490402;
15;0;0.347373;0;0.486882;0;0;0;0.486882;
16;0;0.347324;0;0.483294;0;0;0;0.483294;
17;0;0.347324;0.005625;0.478735;0.0225;0;-0.016875;0.478735;
18;0;0.343735;0.039375;0.472912;0.125;0;-0.085625;0.472912;
19;0;0.331539;0.0675;0.464833;0.1725;0;-0.105;0.464833;
20;0;0.329706;0.028125;0.455431;0.0825;0;-0.054375;0.455431;
21;0;0.324186;0;0.442941;0;0;0;0.442941;
22;0;0.304059;0;0.425225;0;0;0;0.425225;
23;0;0.292363;0.02625;0.398412;0.075;0;-0.04875;0.398412;
24;0;0.253451;0.065625;0.362608;0.1375;0;-0.071875;0.362608;
25;0;0.203137;0.016875;0.311608;0.0525;0;-0.035625;0.311608;
26;0;0.160029;0.01125;0.245196;0.03;0;-0.01875;0.245196;
27;0;0.0930882;0.12;0.161912;0.2525;0;-0.1325;0.161912;
28;0;0.0176078;0.024375;0.0641863;0.0975;0;-0.073125;0.0641863;
29;0;0.365902;0.133125;0.513078;0.2225;0;-0.089375;0.513078;
30;0.005;0.365716;0.1575;0.512441;0.2425;0;-0.085;0.512441;
31;0;0.364275;0.14625;0.511735;0.3375;0;-0.19125;0.511735;
32;0;0.364157;0.159375;0.51099;0.345;0;-0.185625;0.51099;
33;0;0.36398;0.13125;0.510275;0.305;0;-0.17375;0.510275;
34;0;0.363804;0.024375;0.509529;0.0675;0;-0.043125;0.509529;
