# "LGMD WTA"=CB1484055328CB1483972485L-3491-1483630309-919331471
# "Hue"=L-3415-1482226533-719885386
# "LGMD WTA"=CB1484055328CB1483972485L-3491-1483630309-919331471
# "Hue"=L-3415-1482226533-719885386
# "LGMD WTA"=CB1484055328CB1483972485L-3491-1483630309-919331471
# "Hue"=L-3415-1482226533-719885386
# "LGMD WTA"=CB1484055328CB1483972485L-3491-1483630309-919331471
# "Hue"=L-3415-1482226533-719885386
cycle;CB1484055328CB1483972485L-3491-1483630309-919331471_act_RangeAverage;L-3415-1482226533-719885386_act_RangeAverage;CB1484055328CB1483972485L-3491-1483630309-919331471_excIn_RangeAverage;L-3415-1482226533-719885386_excIn_RangeAverage;CB1484055328CB1483972485L-3491-1483630309-919331471_inhIn_RangeAverage;L-3415-1482226533-719885386_inhIn_RangeAverage;CB1484055328CB1483972485L-3491-1483630309-919331471_vm_RangeAverage;L-3415-1482226533-719885386_vm_RangeAverage;
0;0;0;0;0;0;0;0;0;
1;0;0.497618;0;0.512441;0;0;0;0.512441;
2;0;0.49652;0;0.511735;0;0;0;0.511735;
3;0;0.495892;0;0.51099;0;0;0;0.51099;
4;0;0.494578;0;0.509529;0;0;0;0.509529;
5;0;0.493892;0;0.508755;0;0;0;0.508755;
6;0;0.49101;0;0.50702;0;0;0;0.50702;
7;0;0.489451;0;0.506147;0;0;0;0.506147;
8;0;0.487804;0;0.504235;0;0;0;0.504235;
9;0;0.4865;0;0.501108;0;0;0;0.501108;
10;0;0.48502;0;0.498814;0;0;0;0.498814;
11;0;0.480108;0;0.495157;0;0;0;0.495157;
12;0;0.476588;0.01125;0.491588;0.045;0;-0.03375;0.491588;
13;0;0.471324;0.01125;0.487961;0.045;0;-0.03375;0.487961;
14;0;0.465255;0.01125;0.483294;0.03;0;-0.01875;0.483294;
15;0;0.463578;0;0.477618;0;0;0;0.477618;
16;0;0.457078;0.016875;0.470353;0.0525;0;-0.035625;0.470353;
17;0;0.447206;0.01125;0.461912;0.045;0;-0.03375;0.461912;
18;0;0.436588;0.045;0.44849;0.105;0;-0.06;0.44849;
19;0;0.418824;0.03375;0.4315;0.0975;0;-0.06375;0.4315;
20;0;0.394157;0.0225;0.403735;0.045;0;-0.0225;0.403735;
21;0;0.347686;0.016875;0.362608;0.0525;0;-0.035625;0.362608;
22;0;0.294069;0.09;0.304284;0.19;0;-0.1;0.304284;
23;0;0.207627;0.05625;0.220706;0.1025;0;-0.04625;0.220706;
24;0;0.103127;0.105;0.122127;0.1725;0;-0.0675;0.122127;
25;0;0.498206;0.103125;0.513078;0.1675;0;-0.064375;0.513078;
26;0.025;0.497618;0.163125;0.512441;0.1825;0;-0.019375;0.512441;
27;0;0.49652;0.140625;0.511735;0.21;0;-0.069375;0.511735;
