# "LGMD WTA"=CB1484055328CB1483972485L-3491-1483630309-919331471
# "Hue"=L-3415-1482226533-719885386
# "LGMD WTA"=CB1484055328CB1483972485L-3491-1483630309-919331471
# "Hue"=L-3415-1482226533-719885386
# "LGMD WTA"=CB1484055328CB1483972485L-3491-1483630309-919331471
# "Hue"=L-3415-1482226533-719885386
# "LGMD WTA"=CB1484055328CB1483972485L-3491-1483630309-919331471
# "Hue"=L-3415-1482226533-719885386
cycle;CB1484055328CB1483972485L-3491-1483630309-919331471_act_RangeAverage;L-3415-1482226533-719885386_act_RangeAverage;CB1484055328CB1483972485L-3491-1483630309-919331471_excIn_RangeAverage;L-3415-1482226533-719885386_excIn_RangeAverage;CB1484055328CB1483972485L-3491-1483630309-919331471_inhIn_RangeAverage;L-3415-1482226533-719885386_inhIn_RangeAverage;CB1484055328CB1483972485L-3491-1483630309-919331471_vm_RangeAverage;L-3415-1482226533-719885386_vm_RangeAverage;
0;0;0;0;0;0;0;0;0;
1;0;0.983725;0;0.983765;0;0;0;0.983765;
2;0;0.982402;0;0.982441;0;0;0;0.982441;
3;0;0.982402;0;0.982441;0;0;0;0.982441;
4;0;0.982402;0;0.982441;0;0;0;0.982441;
5;0;0.982402;0;0.982441;0;0;0;0.982441;
6;0;0.981059;0;0.981098;0;0;0;0.981098;
7;0;0.981059;0;0.981098;0;0;0;0.981098;
8;0;0.981059;0;0.981098;0;0;0;0.981098;
9;0;0.979676;0;0.979725;0;0;0;0.979725;
10;0;0.979676;0;0.979725;0;0;0;0.979725;
11;0;0.979676;0;0.979725;0;0;0;0.979725;
12;0;0.979676;0;0.979725;0;0;0;0.979725;
13;0;0.978255;0;0.978294;0;0;0;0.978294;
14;0;0.978255;0;0.978294;0;0;0;0.978294;
15;0;0.978255;0;0.978294;0;0;0;0.978294;
16;0;0.976775;0;0.976794;0;0;0;0.976794;
17;0;0.976775;0;0.976794;0;0;0;0.976794;
18;0;0.976775;0;0.976794;0;0;0;0.976794;
19;0;0.975275;0;0.975304;0;0;0;0.975304;
20;0;0.975275;0;0.975304;0;0;0;0.975304;
21;0;0.973618;0;0.973637;0;0;0;0.973637;
22;0;0.973618;0;0.973637;0;0;0;0.973637;
23;0;0.973618;0;0.973637;0;0;0;0.973637;
24;0;0.971961;0;0.972;0;0;0;0.972;
25;0;0.971961;0;0.972;0;0;0;0.972;
26;0;0.970304;0;0.970324;0;0;0;0.970324;
27;0;0.970304;0;0.970324;0;0;0;0.970324;
28;0;0.970304;0;0.970324;0;0;0;0.970324;
29;0;0.968549;0;0.968569;0;0;0;0.968569;
30;0;0.968549;0;0.968569;0;0;0;0.968569;
31;0;0.965186;0;0.966716;0;0;0;0.966716;
32;0;0.965186;0;0.966716;0;0;0;0.966716;
33;0;0.961873;0;0.964922;0;0;0;0.964922;
34;0;0.961873;0;0.964922;0;0;0;0.964922;
35;0;0.96;0;0.962971;0;0;0;0.962971;
36;0;0.96;0;0.96102;0;0;0;0.96102;
37;0;0.96;0;0.96102;0;0;0;0.96102;
38;0;0.959049;0;0.959049;0;0;0;0.959049;
39;0;0.959049;0;0.959049;0;0;0;0.959049;
40;0;0.957029;0.01125;0.957029;0.045;0;-0.03375;0.957029;
41;0;0.954784;0;0.954784;0;0;0;0.954784;
42;0;0.954784;0;0.954784;0;0;0;0.954784;
43;0;0.952431;0;0.952431;0;0;0;0.952431;
44;0;0.950118;0;0.950118;0;0;0;0.950118;
45;0;0.950118;0;0.950118;0;0;0;0.950118;
46;0;0.947853;0;0.947853;0;0;0;0.947853;
47;0;0.94552;0;0.94552;0;0;0;0.94552;
48;0;0.943098;0;0.943098;0;0;0;0.943098;
49;0;0.940814;0;0.940814;0;0;0;0.940814;
50;0;0.940814;0;0.940814;0;0;0;0.940814;
51;0;0.938373;0.01125;0.938373;0.045;0;-0.03375;0.938373;
52;0;0.935853;0.0225;0.935853;0.06;0;-0.0375;0.935853;
53;0;0.933245;0.045;0.933245;0.12;0;-0.075;0.933245;
54;0;0.930725;0.045;0.930725;0.12;0;-0.075;0.930725;
55;0;0.928176;0;0.928176;0;0;0;0.928176;
56;0;0.925539;0.03375;0.925539;0.105;0;-0.07125;0.925539;
57;0;0.922784;0.045;0.922784;0.12;0;-0.075;0.922784;
58;0;0.911422;0.045;0.916882;0.12;0;-0.075;0.916882;
59;0;0.909598;0.045;0.914088;0.12;0;-0.075;0.914088;
60;0;0.909686;0.0225;0.911235;0.06;0;-0.0375;0.911235;
61;0;0.908255;0.0225;0.908275;0.06;0;-0.0375;0.908275;
62;0;0.901971;0.0225;0.902127;0.06;0;-0.0375;0.902127;
63;0;0.898824;0.045;0.898951;0.12;0;-0.075;0.898951;
64;0;0.892588;0;0.892608;0;0;0;0.892608;
65;0;0.889225;0;0.889294;0;0;0;0.889294;
66;0;0.882324;0;0.882382;0;0;0;0.882382;
67;0;0.878873;0;0.878951;0;0;0;0.878951;
68;0;0.872186;0;0.872275;0;0;0;0.872275;
69;0;0.864755;0.01125;0.864833;0.035;0;-0.02375;0.864833;
70;0;0.857314;0.0225;0.857343;0.08;0;-0.0575;0.857343;
71;0;0.841549;0.045;0.849676;0.14;0;-0.095;0.849676;
72;0;0.839784;0.03375;0.841961;0.115;0;-0.08125;0.841961;
73;0;0.833922;0.09;0.834186;0.14;0;-0.05;0.834186;
74;0;0.825422;0.09;0.825598;0.14;0;-0.05;0.825598;
75;0;0.812686;0.09;0.812922;0.14;0;-0.05;0.812922;
76;0;0.803941;0.09;0.804167;0.14;0;-0.05;0.804167;
77;0;0.790735;0;0.791078;0;0;0;0.791078;
78;0;0.776725;0;0.77699;0;0;0;0.77699;
79;0;0.751647;0;0.762431;0;0;0;0.762431;
80;0;0.747422;0.0225;0.747882;0.08;0;-0.0575;0.747882;
81;0;0.732118;0.045;0.73251;0.14;0;-0.095;0.73251;
82;0;0.711069;0.135;0.711637;0.15;0;-0.015;0.711637;
83;0;0.694931;0.135;0.695363;0.15;0;-0.015;0.695363;
84;0;0.67249;0.135;0.673049;0.15;0;-0.015;0.673049;
85;0;0.64;0.01125;0.649235;0.0425;0;-0.03125;0.649235;
86;0;0.624902;0;0.624902;0;0;0;0.624902;
87;0;0.593137;0.045;0.593137;0.12;0;-0.075;0.593137;
88;0;0.567284;0.1125;0.567284;0.1575;0;-0.045;0.567284;
89;0.045;0.525118;0.18;0.534059;0.16;0;0.02;0.534059;
90;0.045;0.499363;0.18;0.49952;0.16;0;0.02;0.49952;
91;0;0.463343;0;0.46349;0;0;0;0.46349;
92;0;0.418559;0.045;0.418608;0.12;0;-0.075;0.418608;
93;0.045;0.361549;0.225;0.379794;0.2;0;0.025;0.379794;
94;0.045;0.331461;0.225;0.331637;0.2;0;0.025;0.331637;
95;0;0.281824;0.12375;0.282343;0.1725;0;-0.04875;0.282343;
96;0;0.230206;0.0225;0.230686;0.09;0;-0.0675;0.230686;
97;0;0.176676;0.27;0.177471;0.33;0;-0.06;0.177471;
98;0;0.121108;0.27;0.122069;0.33;0;-0.06;0.122069;
99;0;0.0546863;0;0.0555588;0;0;0;0.0555588;
100;0;0.983725;0.045;0.983765;0.18;0;-0.135;0.983765;
