# "LGMD WTA"=CB1484055328CB1483972485L-3491-1483630309-919331471
# "Hue"=L-3415-1482226533-719885386
# "LGMD WTA"=CB1484055328CB1483972485L-3491-1483630309-919331471
# "Hue"=L-3415-1482226533-719885386
# "LGMD WTA"=CB1484055328CB1483972485L-3491-1483630309-919331471
# "Hue"=L-3415-1482226533-719885386
# "LGMD WTA"=CB1484055328CB1483972485L-3491-1483630309-919331471
# "Hue"=L-3415-1482226533-719885386
cycle;CB1484055328CB1483972485L-3491-1483630309-919331471_act_RangeAverage;L-3415-1482226533-719885386_act_RangeAverage;CB1484055328CB1483972485L-3491-1483630309-919331471_excIn_RangeAverage;L-3415-1482226533-719885386_excIn_RangeAverage;CB1484055328CB1483972485L-3491-1483630309-919331471_inhIn_RangeAverage;L-3415-1482226533-719885386_inhIn_RangeAverage;CB1484055328CB1483972485L-3491-1483630309-919331471_vm_RangeAverage;L-3415-1482226533-719885386_vm_RangeAverage;
0;0;0;0;0;0;0;0;0;
1;0;0.497618;0;0.512441;0;0;0;0.512441;
2;0;0.49652;0;0.511735;0;0;0;0.511735;
3;0;0.495892;0;0.51099;0;0;0;0.51099;
4;0;0.495245;0;0.510275;0;0;0;0.510275;
5;0;0.494578;0;0.509529;0;0;0;0.509529;
6;0;0.493167;0;0.507892;0;0;0;0.507892;
7;0;0.49101;0;0.50702;0;0;0;0.50702;
8;0;0.489451;0;0.506147;0;0;0;0.506147;
9;0;0.487804;0;0.504235;0;0;0;0.504235;
10;0;0.4865;0;0.502127;0;0;0;0.502127;
11;0;0.486029;0;0.499833;0;0;0;0.499833;
12;0;0.483902;0;0.497627;0;0;0;0.497627;
13;0;0.479127;0.01125;0.494029;0.045;0;-0.03375;0.494029;
14;0;0.474598;0.01125;0.490402;0.045;0;-0.03375;0.490402;
15;0;0.470167;0.01125;0.486882;0.03;0;-0.01875;0.486882;
16;0;0.465255;0;0.483294;0;0;0;0.483294;
17;0;0.463598;0;0.478735;0;0;0;0.478735;
18;0;0.458843;0.016875;0.472912;0.0525;0;-0.035625;0.472912;
19;0;0.449412;0.045;0.464833;0.14;0;-0.095;0.464833;
20;0;0.438265;0.028125;0.455431;0.0825;0;-0.054375;0.455431;
21;0;0.431324;0.028125;0.442941;0.09;0;-0.061875;0.442941;
22;0;0.412;0.0225;0.425225;0.045;0;-0.0225;0.425225;
23;0;0.388951;0.016875;0.398412;0.0525;0;-0.035625;0.398412;
24;0;0.347686;0.054375;0.362608;0.1525;0;-0.098125;0.362608;
25;0;0.300922;0.05625;0.311608;0.12;0;-0.06375;0.311608;
26;0;0.237324;0.039375;0.245196;0.0975;0;-0.058125;0.245196;
27;0;0.15548;0.095625;0.161912;0.15;0;-0.054375;0.161912;
28;0;0.0554314;0.091875;0.0641863;0.18;0;-0.088125;0.0641863;
29;0.025;0.498206;0.163125;0.513078;0.1825;0;-0.019375;0.513078;
30;0.01125;0.497618;0.106875;0.512441;0.1625;0;-0.055625;0.512441;
31;0;0.49652;0.195;0.511735;0.3;0;-0.105;0.511735;
