# "LGMD WTA"=CB1484055328CB1483972485L-3491-1483630309-919331471
# "Hue"=L-3415-1482226533-719885386
# "LGMD WTA"=CB1484055328CB1483972485L-3491-1483630309-919331471
# "Hue"=L-3415-1482226533-719885386
# "LGMD WTA"=CB1484055328CB1483972485L-3491-1483630309-919331471
# "Hue"=L-3415-1482226533-719885386
# "LGMD WTA"=CB1484055328CB1483972485L-3491-1483630309-919331471
# "Hue"=L-3415-1482226533-719885386
cycle;CB1484055328CB1483972485L-3491-1483630309-919331471_act_RangeAverage;L-3415-1482226533-719885386_act_RangeAverage;CB1484055328CB1483972485L-3491-1483630309-919331471_excIn_RangeAverage;L-3415-1482226533-719885386_excIn_RangeAverage;CB1484055328CB1483972485L-3491-1483630309-919331471_inhIn_RangeAverage;L-3415-1482226533-719885386_inhIn_RangeAverage;CB1484055328CB1483972485L-3491-1483630309-919331471_vm_RangeAverage;L-3415-1482226533-719885386_vm_RangeAverage;
0;0;0;0;0;0;0;0;0;
1;0;0.365716;0;0.512441;0;0;0;0.512441;
2;0;0.365716;0;0.512441;0;0;0;0.512441;
3;0;0.364275;0;0.511735;0;0;0;0.511735;
4;0;0.364157;0;0.51099;0;0;0;0.51099;
5;0;0.36398;0;0.510275;0;0;0;0.510275;
6;0;0.36398;0;0.510275;0;0;0;0.510275;
7;0;0.363804;0;0.509529;0;0;0;0.509529;
8;0;0.362392;0.0225;0.508755;0.06;0;-0.0375;0.508755;
9;0;0.362284;0;0.507892;0;0;0;0.507892;
10;0;0.360971;0;0.50702;0;0;0;0.50702;
11;0;0.360971;0;0.506147;0;0;0;0.506147;
12;0;0.360971;0;0.505206;0;0;0;0.505206;
13;0;0.360971;0.016875;0.503216;0.0675;0;-0.050625;0.503216;
14;0;0.360971;0;0.502127;0;0;0;0.502127;
15;0;0.360971;0.01125;0.501108;0.045;0;-0.03375;0.501108;
16;0;0.358931;0;0.498814;0;0;0;0.498814;
17;0;0.357676;0;0.496373;0;0;0;0.496373;
18;0;0.355784;0;0.495157;0;0;0;0.495157;
19;0;0.350069;0;0.492784;0;0;0;0.492784;
20;0;0.348657;0;0.490402;0;0;0;0.490402;
21;0;0.347373;0.005625;0.486882;0.0225;0;-0.016875;0.486882;
22;0;0.347373;0;0.484461;0;0;0;0.484461;
23;0;0.347314;0.016875;0.481069;0.0525;0;-0.035625;0.481069;
24;0;0.347353;0.07875;0.477618;0.1925;0;-0.11375;0.477618;
25;0;0.344451;0.028125;0.474088;0.0825;0;-0.054375;0.474088;
26;0;0.335941;0.028125;0.469029;0.0825;0;-0.054375;0.469029;
27;0;0.331471;0;0.463441;0;0;0;0.463441;
28;0;0.329706;0;0.455431;0;0;0;0.455431;
29;0;0.328892;0;0.446755;0;0;0;0.446755;
30;0;0.317657;0.02625;0.435314;0.075;0;-0.04875;0.435314;
31;0;0.301294;0.04875;0.420873;0.1175;0;-0.06875;0.420873;
32;0;0.300127;0.045;0.403735;0.12;0;-0.075;0.403735;
33;0;0.266098;0.016875;0.381088;0.0525;0;-0.035625;0.381088;
34;0;0.253451;0;0.3495;0;0;0;0.3495;
35;0;0.203137;0.0225;0.311608;0.06;0;-0.0375;0.311608;
36;0;0.184873;0.10875;0.265706;0.2575;0;-0.14875;0.265706;
37;0;0.130931;0;0.212069;0;0;0;0.212069;
38;0;0.0772647;0.08625;0.149078;0.185;0;-0.09875;0.149078;
39;0;0.0408922;0.05625;0.0790098;0.105;0;-0.04875;0.0790098;
40;0.005;0.365902;0.1575;0.513078;0.2425;0;-0.085;0.513078;
41;0;0.365716;0.09;0.512441;0.215;0;-0.125;0.512441;
