# "LGMD WTA"=CB1484055328CB1483972485L-3491-1483630309-919331471
# "Hue"=L-3415-1482226533-719885386
# "LGMD WTA"=CB1484055328CB1483972485L-3491-1483630309-919331471
# "Hue"=L-3415-1482226533-719885386
# "LGMD WTA"=CB1484055328CB1483972485L-3491-1483630309-919331471
# "Hue"=L-3415-1482226533-719885386
# "LGMD WTA"=CB1484055328CB1483972485L-3491-1483630309-919331471
# "Hue"=L-3415-1482226533-719885386
cycle;CB1484055328CB1483972485L-3491-1483630309-919331471_act_RangeAverage;L-3415-1482226533-719885386_act_RangeAverage;CB1484055328CB1483972485L-3491-1483630309-919331471_excIn_RangeAverage;L-3415-1482226533-719885386_excIn_RangeAverage;CB1484055328CB1483972485L-3491-1483630309-919331471_inhIn_RangeAverage;L-3415-1482226533-719885386_inhIn_RangeAverage;CB1484055328CB1483972485L-3491-1483630309-919331471_vm_RangeAverage;L-3415-1482226533-719885386_vm_RangeAverage;
0;0;0;0;0;0;0;0;0;
1;0;0.982402;0;0.982441;0;0;0;0.982441;
2;0;0.982402;0;0.982441;0;0;0;0.982441;
3;0;0.981059;0;0.981098;0;0;0;0.981098;
4;0;0.981059;0;0.981098;0;0;0;0.981098;
5;0;0.979676;0;0.979725;0;0;0;0.979725;
6;0;0.979676;0;0.979725;0;0;0;0.979725;
7;0;0.978255;0;0.978294;0;0;0;0.978294;
8;0;0.978255;0;0.978294;0;0;0;0.978294;
9;0;0.976775;0;0.976794;0;0;0;0.976794;
10;0;0.976775;0;0.976794;0;0;0;0.976794;
11;0;0.975275;0;0.975304;0;0;0;0.975304;
12;0;0.973618;0;0.973637;0;0;0;0.973637;
13;0;0.971961;0;0.972;0;0;0;0.972;
14;0;0.971961;0;0.972;0;0;0;0.972;
15;0;0.970304;0;0.970324;0;0;0;0.970324;
16;0;0.968549;0;0.968569;0;0;0;0.968569;
17;0;0.965186;0;0.966716;0;0;0;0.966716;
18;0;0.961873;0;0.964922;0;0;0;0.964922;
19;0;0.96;0;0.962971;0;0;0;0.962971;
20;0;0.96;0;0.96102;0;0;0;0.96102;
21;0;0.959049;0;0.959049;0;0;0;0.959049;
22;0;0.957029;0;0.957029;0;0;0;0.957029;
23;0;0.954784;0;0.954784;0;0;0;0.954784;
24;0;0.952431;0.01125;0.952431;0.045;0;-0.03375;0.952431;
25;0;0.950118;0;0.950118;0;0;0;0.950118;
26;0;0.94552;0;0.94552;0;0;0;0.94552;
27;0;0.943098;0;0.943098;0;0;0;0.943098;
28;0;0.938373;0;0.938373;0;0;0;0.938373;
29;0;0.935853;0;0.935853;0;0;0;0.935853;
30;0;0.930725;0;0.930725;0;0;0;0.930725;
31;0;0.925539;0.0225;0.925539;0.06;0;-0.0375;0.925539;
32;0;0.916961;0.045;0.919941;0.12;0;-0.075;0.919941;
33;0;0.909598;0.045;0.914088;0.12;0;-0.075;0.914088;
34;0;0.905167;0.045;0.905245;0.12;0;-0.075;0.905245;
35;0;0.898824;0.045;0.898951;0.12;0;-0.075;0.898951;
36;0;0.889225;0.045;0.889294;0.12;0;-0.075;0.889294;
37;0;0.878873;0.03375;0.878951;0.105;0;-0.07125;0.878951;
38;0;0.868441;0.03375;0.86849;0.0725;0;-0.03875;0.86849;
39;0;0.857314;0;0.857343;0;0;0;0.857343;
40;0;0.839784;0;0.841961;0;0;0;0.841961;
41;0;0.825422;0.0225;0.825598;0.08;0;-0.0575;0.825598;
42;0;0.808314;0.045;0.8085;0.14;0;-0.095;0.8085;
43;0;0.786059;0.09;0.786284;0.14;0;-0.05;0.786284;
44;0;0.749814;0.09;0.757716;0.14;0;-0.05;0.757716;
45;0;0.732118;0.09;0.73251;0.14;0;-0.05;0.73251;
46;0;0.694931;0;0.695363;0;0;0;0.695363;
47;0;0.653196;0.045;0.661118;0.14;0;-0.095;0.661118;
48;0;0.612235;0.135;0.612235;0.15;0;-0.015;0.612235;
49;0;0.560686;0.135;0.560686;0.15;0;-0.015;0.560686;
50;0;0.499363;0;0.49952;0;0;0;0.49952;
51;0;0.433696;0.1125;0.433863;0.1575;0;-0.045;0.433863;
52;0.045;0.348118;0.18;0.348618;0.16;0;0.02;0.348618;
53;0;0.264931;0.09;0.26551;0.1275;0;-0.0375;0.26551;
54;0.045;0.167422;0.225;0.168039;0.2;0;0.025;0.168039;
55;0.045;0.0546863;0.225;0.0555588;0.2;0;0.025;0.0555588;
56;0;0.983725;0.1575;0.983765;0.2775;0;-0.12;0.983765;
57;0;0.982402;0.27;0.982441;0.33;0;-0.06;0.982441;
