# "LGMD WTA"=CB1484055328CB1483972485L-3491-1483630309-919331471
# "Hue"=L-3415-1482226533-719885386
# "LGMD WTA"=CB1484055328CB1483972485L-3491-1483630309-919331471
# "Hue"=L-3415-1482226533-719885386
# "LGMD WTA"=CB1484055328CB1483972485L-3491-1483630309-919331471
# "Hue"=L-3415-1482226533-719885386
# "LGMD WTA"=CB1484055328CB1483972485L-3491-1483630309-919331471
# "Hue"=L-3415-1482226533-719885386
cycle;CB1484055328CB1483972485L-3491-1483630309-919331471_act_RangeAverage;L-3415-1482226533-719885386_act_RangeAverage;CB1484055328CB1483972485L-3491-1483630309-919331471_excIn_RangeAverage;L-3415-1482226533-719885386_excIn_RangeAverage;CB1484055328CB1483972485L-3491-1483630309-919331471_inhIn_RangeAverage;L-3415-1482226533-719885386_inhIn_RangeAverage;CB1484055328CB1483972485L-3491-1483630309-919331471_vm_RangeAverage;L-3415-1482226533-719885386_vm_RangeAverage;
0;0;0;0;0;0;0;0;0;
1;0;0.951569;0;0.967598;0;0;0;0.967598;
2;0;0.95051;0;0.966461;0;0;0;0.966461;
3;0;0.948147;0;0.963882;0;0;0;0.963882;
4;0;0.939255;0;0.959696;0;0;0;0.959696;
5;0;0.932559;0;0.956853;0;0;0;0.956853;
6;0;0.928471;0;0.952039;0;0;0;0.952039;
7;0;0.915863;0;0.949;0;0;0;0.949;
8;0;0.912333;0.045;0.944333;0.12;0;-0.075;0.944333;
9;0;0.906314;0.03375;0.937716;0.105;0;-0.07125;0.937716;
10;0;0.897922;0.0225;0.930578;0.06;0;-0.0375;0.930578;
11;0;0.879206;0;0.923275;0;0;0;0.923275;
12;0;0.863186;0.045;0.915559;0.12;0;-0.075;0.915559;
13;0;0.854216;0;0.905265;0;0;0;0.905265;
14;0;0.832314;0;0.89202;0;0;0;0.89202;
15;0;0.806402;0.01125;0.878108;0.045;0;-0.03375;0.878108;
16;0;0.781765;0.09;0.860716;0.14;0;-0.05;0.860716;
17;0;0.752892;0.09;0.839343;0.14;0;-0.05;0.839343;
18;0;0.700343;0;0.810392;0;0;0;0.810392;
19;0;0.639108;0.09;0.775608;0.21;0;-0.12;0.775608;
20;0;0.57149;0.09;0.734529;0.09;0;0;0.734529;
21;0;0.479814;0.09;0.678735;0.1275;0;-0.0375;0.678735;
22;0;0.358843;0.135;0.604412;0.21;0;-0.075;0.604412;
23;0.02;0.210824;0.09;0.510294;0.08;0;0.01;0.510294;
24;0;0.0884804;0.1125;0.44251;0.1975;0;-0.085;0.44251;
25;0.02;0.0222549;0.2025;0.402686;0.26;0;-0.0575;0.402686;
26;0;0;0.21375;0.392157;0.27;0;-0.05625;0.392157;
27;0;0;0.2925;0.392157;0.4075;0;-0.115;0.392157;
28;0;0;0.315;0.392157;0.51;0;-0.195;0.392157;
29;0;0.953559;0.18;0.969971;0.38;0;-0.2;0.969971;
30;0;0.951569;0.09;0.967598;0.28;0;-0.19;0.967598;
