# "LGMD WTA"=CB1484055328CB1483972485L-3491-1483630309-919331471
# "Hue"=L-3415-1482226533-719885386
# "LGMD WTA"=CB1484055328CB1483972485L-3491-1483630309-919331471
# "Hue"=L-3415-1482226533-719885386
# "LGMD WTA"=CB1484055328CB1483972485L-3491-1483630309-919331471
# "Hue"=L-3415-1482226533-719885386
# "LGMD WTA"=CB1484055328CB1483972485L-3491-1483630309-919331471
# "Hue"=L-3415-1482226533-719885386
cycle;CB1484055328CB1483972485L-3491-1483630309-919331471_act_RangeAverage;L-3415-1482226533-719885386_act_RangeAverage;CB1484055328CB1483972485L-3491-1483630309-919331471_excIn_RangeAverage;L-3415-1482226533-719885386_excIn_RangeAverage;CB1484055328CB1483972485L-3491-1483630309-919331471_inhIn_RangeAverage;L-3415-1482226533-719885386_inhIn_RangeAverage;CB1484055328CB1483972485L-3491-1483630309-919331471_vm_RangeAverage;L-3415-1482226533-719885386_vm_RangeAverage;
0;0;0;0;0;0;0;0;0;
1;0;0.498206;0;0.513078;0;0;0;0.513078;
2;0;0.497618;0;0.512441;0;0;0;0.512441;
3;0;0.497618;0;0.512441;0;0;0;0.512441;
4;0;0.497618;0;0.512441;0;0;0;0.512441;
5;0;0.497618;0;0.512441;0;0;0;0.512441;
6;0;0.49652;0;0.511735;0;0;0;0.511735;
7;0;0.49652;0;0.511735;0;0;0;0.511735;
8;0;0.49652;0;0.511735;0;0;0;0.511735;
9;0;0.495892;0;0.51099;0;0;0;0.51099;
10;0;0.495892;0;0.51099;0;0;0;0.51099;
11;0;0.495892;0;0.51099;0;0;0;0.51099;
12;0;0.495892;0;0.51099;0;0;0;0.51099;
13;0;0.495245;0;0.510275;0;0;0;0.510275;
14;0;0.495245;0;0.510275;0;0;0;0.510275;
15;0;0.495245;0;0.510275;0;0;0;0.510275;
16;0;0.494578;0;0.509529;0;0;0;0.509529;
17;0;0.494578;0;0.509529;0;0;0;0.509529;
18;0;0.494578;0;0.509529;0;0;0;0.509529;
19;0;0.493892;0;0.508755;0;0;0;0.508755;
20;0;0.493892;0;0.508755;0;0;0;0.508755;
21;0;0.493167;0;0.507892;0;0;0;0.507892;
22;0;0.493167;0;0.507892;0;0;0;0.507892;
23;0;0.493167;0;0.507892;0;0;0;0.507892;
24;0;0.49101;0;0.50702;0;0;0;0.50702;
25;0;0.49101;0;0.50702;0;0;0;0.50702;
26;0;0.489451;0;0.506147;0;0;0;0.506147;
27;0;0.489451;0;0.506147;0;0;0;0.506147;
28;0;0.489451;0;0.506147;0;0;0;0.506147;
29;0;0.488098;0;0.505206;0;0;0;0.505206;
30;0;0.488098;0;0.505206;0;0;0;0.505206;
31;0;0.487804;0.01125;0.504235;0.045;0;-0.03375;0.504235;
32;0;0.487804;0;0.504235;0;0;0;0.504235;
33;0;0.487078;0;0.503216;0;0;0;0.503216;
34;0;0.487078;0.01125;0.503216;0.045;0;-0.03375;0.503216;
35;0;0.4865;0;0.502127;0;0;0;0.502127;
36;0;0.4865;0;0.501108;0;0;0;0.501108;
37;0;0.4865;0;0.501108;0;0;0;0.501108;
38;0;0.486029;0;0.499833;0;0;0;0.499833;
39;0;0.486029;0;0.499833;0;0;0;0.499833;
40;0;0.48502;0;0.498814;0;0;0;0.498814;
41;0;0.483902;0;0.497627;0;0;0;0.497627;
42;0;0.483902;0;0.497627;0;0;0;0.497627;
43;0;0.482235;0;0.496373;0;0;0;0.496373;
44;0;0.480108;0;0.495157;0;0;0;0.495157;
45;0;0.480108;0;0.495157;0;0;0;0.495157;
46;0;0.479127;0;0.494029;0;0;0;0.494029;
47;0;0.477598;0;0.492784;0;0;0;0.492784;
48;0;0.476588;0.01125;0.491588;0.03;0;-0.01875;0.491588;
49;0;0.474598;0.005625;0.490402;0.0225;0;-0.016875;0.490402;
50;0;0.474598;0;0.490402;0;0;0;0.490402;
51;0;0.472696;0;0.489167;0;0;0;0.489167;
52;0;0.471324;0.005625;0.487961;0.0225;0;-0.016875;0.487961;
53;0;0.470167;0;0.486882;0;0;0;0.486882;
54;0;0.469343;0.0225;0.485637;0.075;0;-0.0525;0.485637;
55;0;0.467735;0;0.484461;0;0;0;0.484461;
56;0;0.465255;0.005625;0.483294;0.0225;0;-0.016875;0.483294;
57;0;0.464118;0;0.482088;0;0;0;0.482088;
58;0;0.463588;0.005625;0.479853;0.0225;0;-0.016875;0.479853;
59;0;0.463598;0;0.478735;0;0;0;0.478735;
60;0;0.463578;0.016875;0.477618;0.0525;0;-0.035625;0.477618;
61;0;0.46301;0.028125;0.4765;0.0875;0;-0.059375;0.4765;
62;0;0.459912;0.0225;0.474088;0.045;0;-0.0225;0.474088;
63;0;0.458843;0;0.472912;0;0;0;0.472912;
64;0;0.457078;0;0.470353;0;0;0;0.470353;
65;0;0.455382;0;0.469029;0;0;0;0.469029;
66;0;0.45149;0;0.466216;0;0;0;0.466216;
67;0;0.449412;0.016875;0.464833;0.0525;0;-0.035625;0.464833;
68;0;0.447206;0;0.461912;0;0;0;0.461912;
69;0;0.442608;0.005625;0.458804;0.0225;0;-0.016875;0.458804;
70;0;0.438265;0;0.455431;0;0;0;0.455431;
71;0;0.436696;0.0225;0.45198;0.075;0;-0.0525;0.45198;
72;0;0.436588;0.0225;0.44849;0.06;0;-0.0375;0.44849;
73;0;0.433;0.0225;0.444873;0.045;0;-0.0225;0.444873;
74;0;0.429608;0.039375;0.441118;0.1025;0;-0.063125;0.441118;
75;0;0.422147;0.050625;0.435314;0.0975;0;-0.046875;0.435314;
76;0;0.418824;0;0.4315;0;0;0;0.4315;
77;0;0.412;0;0.425225;0;0;0;0.425225;
78;0;0.402775;0.005625;0.41851;0.0225;0;-0.016875;0.41851;
79;0;0.395529;0.005625;0.411324;0.0225;0;-0.016875;0.411324;
80;0;0.394157;0.045;0.403735;0.09;0;-0.045;0.403735;
81;0;0.385794;0.005625;0.395667;0.0225;0;-0.016875;0.395667;
82;0;0.372441;0.050625;0.384147;0.12;0;-0.069375;0.384147;
83;0;0.362167;0.08625;0.375225;0.1425;0;-0.05625;0.375225;
84;0;0.347686;0.061875;0.362608;0.1825;0;-0.120625;0.362608;
85;0;0.336304;0;0.3495;0;0;0;0.3495;
86;0;0.327569;0.01125;0.335951;0.03;0;-0.01875;0.335951;
87;0;0.309363;0.050625;0.318716;0.095;0;-0.044375;0.318716;
88;0;0.294069;0.045;0.304284;0.12;0;-0.075;0.304284;
89;0;0.267108;0.1125;0.285225;0.15;0;-0.0375;0.285225;
90;0;0.260029;0.118125;0.265706;0.2125;0;-0.094375;0.265706;
91;0;0.237324;0.016875;0.245196;0.0375;0;-0.020625;0.245196;
92;0;0.207627;0.045;0.220706;0.1175;0;-0.0725;0.220706;
93;0;0.185147;0.09;0.199569;0.165;0;-0.075;0.199569;
94;0.005;0.16899;0.181875;0.174676;0.2475;0;-0.065625;0.174676;
95;0;0.139186;0.0225;0.149078;0.075;0;-0.0525;0.149078;
96;0;0.103127;0.05625;0.122127;0.1425;0;-0.08625;0.122127;
97;0;0.0903333;0.19125;0.0940098;0.3225;0;-0.13125;0.0940098;
98;0;0.0554314;0.163125;0.0641863;0.26;0;-0.096875;0.0641863;
99;0;0.0122549;0.0225;0.0296961;0.0725;0;-0.05;0.0296961;
100;0;0.498206;0.163125;0.513078;0.3075;0;-0.144375;0.513078;
101;0;0.498206;0.28125;0.513078;0.445;0;-0.16375;0.513078;
102;0;0.497618;0.10125;0.512441;0.27;0;-0.16875;0.512441;
103;0;0.497618;0.005625;0.512441;0.0225;0;-0.016875;0.512441;
104;0;0.497618;0.016875;0.512441;0.0675;0;-0.050625;0.512441;
