# "LGMD WTA"=CB1484055328CB1483972485L-3491-1483630309-919331471
# "Hue"=L-3415-1482226533-719885386
# "LGMD WTA"=CB1484055328CB1483972485L-3491-1483630309-919331471
# "Hue"=L-3415-1482226533-719885386
# "LGMD WTA"=CB1484055328CB1483972485L-3491-1483630309-919331471
# "Hue"=L-3415-1482226533-719885386
# "LGMD WTA"=CB1484055328CB1483972485L-3491-1483630309-919331471
# "Hue"=L-3415-1482226533-719885386
cycle;CB1484055328CB1483972485L-3491-1483630309-919331471_act_RangeAverage;L-3415-1482226533-719885386_act_RangeAverage;CB1484055328CB1483972485L-3491-1483630309-919331471_excIn_RangeAverage;L-3415-1482226533-719885386_excIn_RangeAverage;CB1484055328CB1483972485L-3491-1483630309-919331471_inhIn_RangeAverage;L-3415-1482226533-719885386_inhIn_RangeAverage;CB1484055328CB1483972485L-3491-1483630309-919331471_vm_RangeAverage;L-3415-1482226533-719885386_vm_RangeAverage;
0;0;0;0;0;0;0;0;0;
1;0;0.98238;0;0.982417;0;0;0;0.982417;
2;0;0.98238;0;0.982417;0;0;0;0.982417;
3;0;0.980581;0;0.981096;0;0;0;0.981096;
4;0;0.978939;0;0.979711;0;0;0;0.979711;
5;0;0.977466;0;0.978282;0;0;0;0.978282;
6;0;0.977466;0;0.978282;0;0;0;0.978282;
7;0;0.976728;0;0.976792;0;0;0;0.976792;
8;0;0.975221;0.01125;0.975284;0;0;0.01125;0.975284;
9;0;0.973576;0.01125;0.973625;0;0;0.01125;0.973625;
10;0;0.971936;0.0084375;0.971978;0;0;0.0084375;0.971978;
11;0;0.970265;0;0.970306;0;0;0;0.970306;
12;0;0.968495;0;0.968566;0;0;0;0.968566;
13;0;0.964725;0;0.96489;0;0;0;0.96489;
14;0;0.961583;0.00421875;0.962958;0;0;0.00421875;0.962958;
15;0;0.960125;0.00703125;0.961022;0;0;0.00703125;0.961022;
16;0;0.956875;0.01125;0.956875;0;0;0.01125;0.956875;
17;0.000625;0.952255;0.016875;0.952255;0;0;0.016875;0.952255;
18;0.0025;0.949939;0.0225;0.949939;0;0;0.0225;0.949939;
19;0.0025;0.945321;0.0225;0.945321;0;0;0.0225;0.945321;
20;0.004375;0.939525;0.0140625;0.940664;0;0;0.0140625;0.940664;
21;0;0.933098;0;0.933098;0;0;0;0.933098;
22;0;0.927922;0.0084375;0.927951;0;0;0.0084375;0.927951;
23;0;0.919806;0.01125;0.919806;0;0;0.01125;0.919806;
24;0.03;0.909478;0.03375;0.91102;0;0;0.03375;0.91102;
25;0.03;0.901809;0.03375;0.901919;0;0;0.03375;0.901919;
26;0.0084375;0.889022;0.0196875;0.889066;0;0;0.0196875;0.889066;
27;0;0.875314;0.0084375;0.875439;0.00375;0;0.0046875;0.875439;
28;0.03;0.857159;0.045;0.857211;0.005625;0;0.039375;0.857211;
29;0.03;0.837755;0.045;0.837907;0.005625;0;0.039375;0.837907;
30;0;0.812588;0.00421875;0.812762;0;0;0.00421875;0.812762;
31;0.0346875;0.781159;0.05625;0.781422;0.0125;0;0.04375;0.781422;
32;0.0346875;0.74739;0.05625;0.747713;0.0125;0;0.04375;0.747713;
33;0.0084375;0.701792;0.039375;0.706042;0.01125;0;0.028125;0.706042;
34;0.0253125;0.645228;0.0675;0.649127;0.020625;0;0.046875;0.649127;
35;0.0253125;0.576931;0.07875;0.580238;0.024375;0;0.054375;0.580238;
36;0.0253125;0.498988;0.07875;0.499078;0.024375;0;0.054375;0.499078;
37;0.0253125;0.402951;0.09;0.403066;0.028125;0;0.061875;0.403066;
38;0.0253125;0.277086;0.10125;0.281797;0.031875;0;0.069375;0.281797;
39;0.0253125;0.148936;0.1125;0.149306;0.035625;0;0.076875;0.149306;
40;0.0253125;0.983703;0.12375;0.98374;0.039375;0;0.084375;0.98374;
41;0.0253125;0.98238;0.135;0.982417;0.043125;0;0.091875;0.982417;
