# "LGMD WTA"=CB1484055328CB1483972485L-3491-1483630309-919331471
# "Hue"=L-3415-1482226533-719885386
# "LGMD WTA"=CB1484055328CB1483972485L-3491-1483630309-919331471
# "Hue"=L-3415-1482226533-719885386
# "LGMD WTA"=CB1484055328CB1483972485L-3491-1483630309-919331471
# "Hue"=L-3415-1482226533-719885386
# "LGMD WTA"=CB1484055328CB1483972485L-3491-1483630309-919331471
# "Hue"=L-3415-1482226533-719885386
cycle;CB1484055328CB1483972485L-3491-1483630309-919331471_act_RangeAverage;L-3415-1482226533-719885386_act_RangeAverage;CB1484055328CB1483972485L-3491-1483630309-919331471_excIn_RangeAverage;L-3415-1482226533-719885386_excIn_RangeAverage;CB1484055328CB1483972485L-3491-1483630309-919331471_inhIn_RangeAverage;L-3415-1482226533-719885386_inhIn_RangeAverage;CB1484055328CB1483972485L-3491-1483630309-919331471_vm_RangeAverage;L-3415-1482226533-719885386_vm_RangeAverage;
0;0;0;0;0;0;0;0;0;
1;0;0.988422;0;0.992539;0;0;0;0.992539;
2;0;0.988422;0;0.992539;0;0;0;0.992539;
3;0;0.988422;0;0.992539;0;0;0;0.992539;
4;0;0.988422;0;0.992539;0;0;0;0.992539;
5;0;0.987873;0;0.991912;0;0;0;0.991912;
6;0;0.987873;0;0.991912;0;0;0;0.991912;
7;0;0.987873;0;0.991912;0;0;0;0.991912;
8;0;0.987873;0;0.991912;0;0;0;0.991912;
9;0;0.987314;0;0.991265;0;0;0;0.991265;
10;0;0.987314;0;0.991265;0;0;0;0.991265;
11;0;0.987314;0;0.991265;0;0;0;0.991265;
12;0;0.987314;0;0.991265;0;0;0;0.991265;
13;0;0.987314;0;0.991265;0;0;0;0.991265;
14;0;0.986725;0;0.990657;0;0;0;0.990657;
15;0;0.986725;0;0.990657;0;0;0;0.990657;
16;0;0.986725;0;0.990657;0;0;0;0.990657;
17;0;0.986725;0;0.990657;0;0;0;0.990657;
18;0;0.986049;0;0.989961;0;0;0;0.989961;
19;0;0.986049;0;0.989961;0;0;0;0.989961;
20;0;0.986049;0;0.989961;0;0;0;0.989961;
21;0;0.985324;0;0.989275;0;0;0;0.989275;
22;0;0.985324;0;0.989275;0;0;0;0.989275;
23;0;0.985324;0;0.989275;0;0;0;0.989275;
24;0;0.985324;0;0.989275;0;0;0;0.989275;
25;0;0.984618;0;0.988539;0;0;0;0.988539;
26;0;0.984618;0;0.988539;0;0;0;0.988539;
27;0;0.984618;0;0.988539;0;0;0;0.988539;
28;0;0.983863;0;0.987784;0;0;0;0.987784;
29;0;0.983863;0;0.987784;0;0;0;0.987784;
30;0;0.983863;0;0.987784;0;0;0;0.987784;
31;0;0.983088;0;0.987029;0;0;0;0.987029;
32;0;0.983088;0;0.987029;0;0;0;0.987029;
33;0;0.983088;0;0.987029;0;0;0;0.987029;
34;0;0.982314;0;0.986245;0;0;0;0.986245;
35;0;0.982314;0;0.986245;0;0;0;0.986245;
36;0;0.982314;0;0.986245;0;0;0;0.986245;
37;0;0.981422;0;0.985353;0;0;0;0.985353;
38;0;0.981422;0;0.985353;0;0;0;0.985353;
39;0;0.980706;0;0.984627;0;0;0;0.984627;
40;0;0.980706;0;0.984627;0;0;0;0.984627;
41;0;0.980706;0;0.984627;0;0;0;0.984627;
42;0;0.979755;0;0.983706;0;0;0;0.983706;
43;0;0.979755;0;0.983706;0;0;0;0.983706;
44;0;0.9765;0;0.982873;0;0;0;0.982873;
45;0;0.9765;0;0.982873;0;0;0;0.982873;
46;0;0.968373;0;0.981853;0;0;0;0.981853;
47;0;0.968373;0;0.981853;0;0;0;0.981853;
48;0;0.968373;0;0.981853;0;0;0;0.981853;
49;0;0.968039;0.01125;0.980912;0.045;0;-0.03375;0.980912;
50;0;0.968039;0;0.980912;0;0;0;0.980912;
51;0;0.967549;0;0.979941;0;0;0;0.979941;
52;0;0.966706;0;0.978833;0;0;0;0.978833;
53;0;0.966706;0;0.978833;0;0;0;0.978833;
54;0;0.965922;0;0.977804;0;0;0;0.977804;
55;0;0.965922;0;0.977804;0;0;0;0.977804;
56;0;0.964961;0;0.976784;0;0;0;0.976784;
57;0;0.964961;0;0.976784;0;0;0;0.976784;
58;0;0.963912;0;0.975686;0;0;0;0.975686;
59;0;0.962804;0;0.974578;0;0;0;0.974578;
60;0;0.962804;0;0.974578;0;0;0;0.974578;
61;0;0.961647;0;0.973422;0;0;0;0.973422;
62;0;0.959402;0;0.972402;0;0;0;0.972402;
63;0;0.959402;0;0.972402;0;0;0;0.972402;
64;0;0.955951;0;0.971333;0;0;0;0.971333;
65;0;0.953559;0;0.969971;0;0;0;0.969971;
66;0;0.952578;0;0.968755;0;0;0;0.968755;
67;0;0.952578;0.01125;0.968755;0.045;0;-0.03375;0.968755;
68;0;0.951569;0;0.967598;0;0;0;0.967598;
69;0;0.95051;0.0225;0.966461;0.09;0;-0.0675;0.966461;
70;0;0.949216;0.01125;0.965;0.045;0;-0.03375;0.965;
71;0;0.948147;0;0.963882;0;0;0;0.963882;
72;0;0.946696;0;0.962382;0;0;0;0.962382;
73;0;0.945333;0;0.96102;0;0;0;0.96102;
74;0;0.939255;0;0.959696;0;0;0;0.959696;
75;0;0.933343;0;0.958265;0;0;0;0.958265;
76;0;0.932559;0;0.956853;0;0;0;0.956853;
77;0;0.931363;0;0.955216;0;0;0;0.955216;
78;0;0.930078;0;0.953725;0;0;0;0.953725;
79;0;0.928471;0.0225;0.952039;0.06;0;-0.0375;0.952039;
80;0;0.924539;0.0225;0.950559;0.06;0;-0.0375;0.950559;
81;0;0.915863;0;0.949;0;0;0;0.949;
82;0;0.91348;0;0.945824;0;0;0;0.945824;
83;0;0.912333;0;0.944333;0;0;0;0.944333;
84;0;0.911069;0;0.942794;0;0;0;0.942794;
85;0;0.90798;0.0225;0.939422;0.07;0;-0.0475;0.939422;
86;0;0.906314;0.045;0.937716;0.13;0;-0.085;0.937716;
87;0;0.902814;0;0.934216;0;0;0;0.934216;
88;0;0.90101;0;0.932402;0;0;0;0.932402;
89;0;0.888647;0;0.928696;0;0;0;0.928696;
90;0;0.8825;0;0.926951;0;0;0;0.926951;
91;0;0.879206;0;0.923275;0;0;0;0.923275;
92;0;0.873559;0;0.919382;0;0;0;0.919382;
93;0;0.863186;0;0.915559;0;0;0;0.915559;
94;0;0.859873;0.045;0.911382;0.1225;0;-0.0775;0.911382;
95;0;0.856235;0.045;0.907314;0.09;0;-0.045;0.907314;
96;0;0.851833;0.0225;0.902843;0.06;0;-0.0375;0.902843;
97;0;0.842941;0.03375;0.898853;0.095;0;-0.06125;0.898853;
98;0;0.832314;0.07875;0.89202;0.1625;0;-0.08375;0.89202;
99;0;0.823422;0;0.88751;0;0;0;0.88751;
100;0;0.813167;0;0.880353;0;0;0;0.880353;
101;0;0.799441;0;0.875667;0;0;0;0.875667;
102;0;0.789725;0.05625;0.868324;0.1425;0;-0.08625;0.868324;
103;0;0.781765;0.05625;0.860716;0.1425;0;-0.08625;0.860716;
104;0;0.765392;0.045;0.85298;0.0675;0;-0.0225;0.85298;
105;0;0.758314;0.050625;0.844922;0.0675;0;-0.016875;0.844922;
106;0;0.745363;0.09;0.836598;0.09;0;0;0.836598;
107;0;0.723745;0.0675;0.828167;0.135;0;-0.0675;0.828167;
108;0;0.708088;0.03375;0.819529;0.105;0;-0.07125;0.819529;
109;0;0.692745;0.135;0.80752;0.21;0;-0.075;0.80752;
110;0;0.676333;0;0.794451;0;0;0;0.794451;
111;0;0.659627;0.045;0.78199;0.0675;0;-0.0225;0.78199;
112;0.0225;0.63202;0.135;0.772431;0.195;0;-0.06;0.772431;
113;0.0125;0.609569;0.12375;0.755186;0.1725;0;-0.04875;0.755186;
114;0;0.587167;0.09;0.741471;0.2;0;-0.11;0.741471;
115;0;0.565549;0.0675;0.727353;0.1775;0;-0.11;0.727353;
116;0;0.539343;0.09;0.709147;0.23;0;-0.14;0.709147;
117;0.045;0.508696;0.225;0.694088;0.29;0;-0.065;0.694088;
118;0.045;0.466833;0.135;0.674657;0.12;0;0.015;0.674657;
119;0;0.45048;0.135;0.654686;0.29;0;-0.155;0.654686;
120;0;0.425343;0.135;0.638108;0.28;0;-0.145;0.638108;
121;0;0.382755;0.135;0.61698;0.31;0;-0.175;0.61698;
122;0;0.344186;0.129375;0.595392;0.1425;0;-0.013125;0.595392;
123;0;0.320725;0.275625;0.573088;0.475;0;-0.199375;0.573088;
124;0;0.277863;0.045;0.550451;0.17;0;-0.125;0.550451;
125;0;0.988422;0.135;0.992539;0.38;0;-0.245;0.992539;
126;0;0.988422;0.2475;0.992539;0.3075;0;-0.06;0.992539;
127;0;0.988422;0.27;0.992539;0.46;0;-0.19;0.992539;
128;0;0.988422;0.10125;0.992539;0.2825;0;-0.18125;0.992539;
129;0;0.988422;0.27;0.992539;0.47;0;-0.2;0.992539;
130;0;0.987873;0;0.991912;0;0;0;0.991912;
131;0;0.987873;0;0.991912;0;0;0;0.991912;
132;0;0.987873;0;0.991912;0;0;0;0.991912;
133;0;0.987873;0;0.991912;0;0;0;0.991912;
134;0;0.987314;0;0.991265;0;0;0;0.991265;
135;0;0.987314;0;0.991265;0;0;0;0.991265;
