# "LGMD WTA"=CB1484055328CB1483972485L-3491-1483630309-919331471
# "Hue"=L-3415-1482226533-719885386
# "LGMD WTA"=CB1484055328CB1483972485L-3491-1483630309-919331471
# "Hue"=L-3415-1482226533-719885386
# "LGMD WTA"=CB1484055328CB1483972485L-3491-1483630309-919331471
# "Hue"=L-3415-1482226533-719885386
# "LGMD WTA"=CB1484055328CB1483972485L-3491-1483630309-919331471
# "Hue"=L-3415-1482226533-719885386
cycle;CB1484055328CB1483972485L-3491-1483630309-919331471_act_RangeAverage;L-3415-1482226533-719885386_act_RangeAverage;CB1484055328CB1483972485L-3491-1483630309-919331471_excIn_RangeAverage;L-3415-1482226533-719885386_excIn_RangeAverage;CB1484055328CB1483972485L-3491-1483630309-919331471_inhIn_RangeAverage;L-3415-1482226533-719885386_inhIn_RangeAverage;CB1484055328CB1483972485L-3491-1483630309-919331471_vm_RangeAverage;L-3415-1482226533-719885386_vm_RangeAverage;
0;0;0;0;0;0;0;0;0;
1;0;0.497618;0;0.512441;0;0;0;0.512441;
2;0;0.497618;0;0.512441;0;0;0;0.512441;
3;0;0.49652;0;0.511735;0;0;0;0.511735;
4;0;0.49652;0;0.511735;0;0;0;0.511735;
5;0;0.495892;0;0.51099;0;0;0;0.51099;
6;0;0.495892;0;0.51099;0;0;0;0.51099;
7;0;0.495245;0;0.510275;0;0;0;0.510275;
8;0;0.495245;0;0.510275;0;0;0;0.510275;
9;0;0.494578;0;0.509529;0;0;0;0.509529;
10;0;0.494578;0;0.509529;0;0;0;0.509529;
11;0;0.493892;0;0.508755;0;0;0;0.508755;
12;0;0.493167;0;0.507892;0;0;0;0.507892;
13;0;0.49101;0;0.50702;0;0;0;0.50702;
14;0;0.49101;0;0.50702;0;0;0;0.50702;
15;0;0.489451;0;0.506147;0;0;0;0.506147;
16;0;0.488098;0;0.505206;0;0;0;0.505206;
17;0;0.487804;0;0.504235;0;0;0;0.504235;
18;0;0.487078;0;0.503216;0;0;0;0.503216;
19;0;0.4865;0;0.502127;0;0;0;0.502127;
20;0;0.4865;0.01125;0.501108;0.045;0;-0.03375;0.501108;
21;0;0.486029;0.01125;0.499833;0.045;0;-0.03375;0.499833;
22;0;0.48502;0;0.498814;0;0;0;0.498814;
23;0;0.483902;0;0.497627;0;0;0;0.497627;
24;0;0.482235;0;0.496373;0;0;0;0.496373;
25;0;0.480108;0;0.495157;0;0;0;0.495157;
26;0;0.477598;0;0.492784;0;0;0;0.492784;
27;0;0.476588;0;0.491588;0;0;0;0.491588;
28;0;0.472696;0;0.489167;0;0;0;0.489167;
29;0;0.471324;0.01125;0.487961;0.03;0;-0.01875;0.487961;
30;0;0.469343;0.005625;0.485637;0.0225;0;-0.016875;0.485637;
31;0;0.465255;0.005625;0.483294;0.0225;0;-0.016875;0.483294;
32;0;0.464059;0;0.481069;0;0;0;0.481069;
33;0;0.463598;0.05625;0.478735;0.14;0;-0.08375;0.478735;
34;0;0.461363;0;0.475225;0;0;0;0.475225;
35;0;0.458843;0.005625;0.472912;0.0225;0;-0.016875;0.472912;
36;0;0.455382;0.016875;0.469029;0.0525;0;-0.035625;0.469029;
37;0;0.449412;0.0225;0.464833;0.045;0;-0.0225;0.464833;
38;0;0.445039;0;0.460412;0;0;0;0.460412;
39;0;0.438265;0.005625;0.455431;0.0225;0;-0.016875;0.455431;
40;0;0.436588;0.005625;0.44849;0.0225;0;-0.016875;0.44849;
41;0;0.429608;0;0.441118;0;0;0;0.441118;
42;0;0.420529;0.045;0.433471;0.13;0;-0.085;0.433471;
43;0;0.409353;0.03375;0.423137;0.09;0;-0.05625;0.423137;
44;0;0.395529;0.045;0.408863;0.09;0;-0.045;0.408863;
45;0;0.385794;0.016875;0.395667;0.0525;0;-0.035625;0.395667;
46;0;0.362167;0.024375;0.375225;0.06;0;-0.035625;0.375225;
47;0;0.336951;0.061875;0.356157;0.11;0;-0.048125;0.356157;
48;0;0.319745;0.080625;0.329225;0.1425;0;-0.061875;0.329225;
49;0;0.289931;0.07875;0.300588;0.13;0;-0.05125;0.300588;
50;0;0.260029;0.01125;0.265706;0.03;0;-0.01875;0.265706;
51;0;0.217961;0.073125;0.228863;0.14;0;-0.066875;0.228863;
52;0.005;0.178186;0.135;0.183304;0.1775;0;-0.0425;0.183304;
53;0;0.128961;0.028125;0.140382;0.0675;0;-0.039375;0.140382;
54;0;0.0841471;0.1575;0.0889804;0.2175;0;-0.06;0.0889804;
55;0.005;0.0122549;0.185625;0.0296961;0.2725;0;-0.086875;0.0296961;
56;0;0.498206;0.140625;0.513078;0.31;0;-0.169375;0.513078;
57;0;0.497618;0.2025;0.512441;0.3325;0;-0.13;0.512441;
58;0;0.497618;0.241875;0.512441;0.375;0;-0.133125;0.512441;
59;0;0.49652;0.208125;0.511735;0.3375;0;-0.129375;0.511735;
