# " Edge Detection "= Edge Detection 8
# " Edge Detection "= Edge Detection 8
# "Hue"=L-3415-1482226533-719885386
# " Edge Detection "= Edge Detection 8
# " Edge Detection "= Edge Detection 8
# "Hue"=L-3415-1482226533-719885386
cycle; Edge Detection 8_act_RangeAverage; Edge Detection 8_excIn_RangeAverage;L-3415-1482226533-719885386_excIn_RangeAverage; Edge Detection 8_inhIn_RangeAverage; Edge Detection 8_vm_RangeAverage;L-3415-1482226533-719885386_vm_RangeAverage;
0;0;0;0;0;0;0;
1;0;0;0.982441;0;0;0.982441;
2;0.000104167;0.837402;0.982441;2.0629;-1.2255;0.982441;
3;0.000104167;0.837402;0.981098;2.0629;-1.2255;0.981098;
4;0.000408701;0.836059;0.979725;2.05988;-1.22382;0.979725;
5;0.000807598;0.834676;0.978294;2.05677;-1.2221;0.978294;
6;0.00119363;0.833255;0.978294;2.05357;-1.22032;0.978294;
7;0.00119363;0.833255;0.976794;2.05357;-1.22032;0.976794;
8;0.00470098;0.82351;0.975304;2.03165;-1.20814;0.975304;
9;0.00520527;0.821716;0.973637;2.02761;-1.20589;0.973637;
10;0.00524265;0.821118;0.972;2.02626;-1.20515;0.972;
11;0.00528493;0.820441;0.970324;2.02474;-1.2043;0.970324;
12;0.00554534;0.816275;0.968569;2.01537;-1.19909;0.968569;
13;0.005625;0.815;0.964922;2.0125;-1.1975;0.964922;
14;0.005625;0.815;0.962971;2.0125;-1.1975;0.962971;
15;0.005625;0.815;0.96102;2.0125;-1.1975;0.96102;
16;0.005625;0.815;0.957029;2.0125;-1.1975;0.957029;
17;0.00525858;0.812029;0.952431;2.00582;-1.19379;0.952431;
18;0.00472978;0.807431;0.950118;1.99547;-1.18804;0.950118;
19;0.00449142;0.805118;0.94552;1.99026;-1.18515;0.94552;
20;0.00453799;0.80052;0.940814;1.97992;-1.1794;0.940814;
21;0.00489706;0.795814;0.933245;1.96933;-1.17352;0.933245;
